{
    "(1, 1)": [
        [
            [
                -0.9153617321513369,
                0.40180836633680234,
                0.02574754463350265
            ],
            [
                0.051548117060134555,
                0.1803735689384521,
                -0.9822464900705729
            ],
            [
                -0.399319034032262,
                -0.8977836111057917,
                -0.185819527201491
            ]
        ],
        [
            [
                1841.10702774543
            ],
            [
                4955.28462344526
            ],
            [
                1563.4453958977
            ]
        ],
        [
            [
                1145.04940458804
            ],
            [
                1143.78109572365
            ]
        ],
        [
            [
                512.541504956548
            ],
            [
                515.4514869776
            ]
        ],
        [
            [
                -0.207098910824901
            ],
            [
                0.247775183068982
            ],
            [
                -0.00307515035078854
            ]
        ],
        [
            [
                -0.00142447157470321
            ],
            [
                -0.000975698859470499
            ]
        ],
        "54138969"
    ],
    "(1, 2)": [
        [
            [
                0.9281683400814921,
                0.3721538354721445,
                0.002248380248018696
            ],
            [
                0.08166409428175585,
                -0.1977722953267526,
                -0.976840363061605
            ],
            [
                -0.3630902204349604,
                0.9068559102440475,
                -0.21395758897485287
            ]
        ],
        [
            [
                1761.27853428116
            ],
            [
                -5078.00659454077
            ],
            [
                1606.2649598335
            ]
        ],
        [
            [
                1149.67569986785
            ],
            [
                1147.59161666764
            ]
        ],
        [
            [
                508.848621645943
            ],
            [
                508.064917088557
            ]
        ],
        [
            [
                -0.194213629607385
            ],
            [
                0.240408539138292
            ],
            [
                0.00681997559022603
            ]
        ],
        [
            [
                -0.0027408943961907
            ],
            [
                -0.001619026613787
            ]
        ],
        "55011271"
    ],
    "(1, 3)": [
        [
            [
                -0.9141549520542256,
                -0.40277802228118775,
                -0.045722952682337906
            ],
            [
                -0.04562341383935874,
                0.21430849526487267,
                -0.9756999400261069
            ],
            [
                0.4027893093720077,
                -0.889854894701693,
                -0.214287280609606
            ]
        ],
        [
            [
                -1846.7776610084
            ],
            [
                5215.04650469073
            ],
            [
                1491.97246576518
            ]
        ],
        [
            [
                1149.14071676148
            ],
            [
                1148.7989685676
            ]
        ],
        [
            [
                519.815837182153
            ],
            [
                501.402658888552
            ]
        ],
        [
            [
                -0.208338188251856
            ],
            [
                0.255488007488945
            ],
            [
                -0.00246049749891915
            ]
        ],
        [
            [
                -0.000759999321030303
            ],
            [
                0.00148438698385668
            ]
        ],
        "58860488"
    ],
    "(1, 4)": [
        [
            [
                0.9141562410494211,
                -0.40060705854636447,
                0.061905989962380774
            ],
            [
                -0.05641000739510571,
                -0.2769531972942539,
                -0.9592261660183036
            ],
            [
                0.40141783470104664,
                0.8733904688919611,
                -0.2757767409202658
            ]
        ],
        [
            [
                -1794.78972871109
            ],
            [
                -3722.69891503676
            ],
            [
                1574.89272604599
            ]
        ],
        [
            [
                1145.51133842318
            ],
            [
                1144.77392807652
            ]
        ],
        [
            [
                514.968197319863
            ],
            [
                501.882018537695
            ]
        ],
        [
            [
                -0.198384093827848
            ],
            [
                0.218323676298049
            ],
            [
                -0.00894780704152122
            ]
        ],
        [
            [
                -0.00181336200488089
            ],
            [
                -0.000587205583421232
            ]
        ],
        "60457274"
    ],
    "(5, 1)": [
        [
            [
                -0.9042074184788829,
                0.42657831374650107,
                0.020973473936051274
            ],
            [
                0.06390493744399675,
                0.18368565260974637,
                -0.9809055713959477
            ],
            [
                -0.4222855708380685,
                -0.8856017859436166,
                -0.1933503902128034
            ]
        ],
        [
            [
                2097.39151027444
            ],
            [
                4880.94465755369
            ],
            [
                1605.73247183927
            ]
        ],
        [
            [
                1145.04940458804
            ],
            [
                1143.78109572365
            ]
        ],
        [
            [
                512.541504956548
            ],
            [
                515.4514869776
            ]
        ],
        [
            [
                -0.207098910824901
            ],
            [
                0.247775183068982
            ],
            [
                -0.00307515035078854
            ]
        ],
        [
            [
                -0.00142447157470321
            ],
            [
                -0.000975698859470499
            ]
        ],
        "54138969"
    ],
    "(5, 2)": [
        [
            [
                0.9222116004775194,
                0.38649075753002626,
                0.012274293810989732
            ],
            [
                0.09333184463870337,
                -0.19167233853095322,
                -0.9770111982052265
            ],
            [
                -0.3752531555110883,
                0.902156643264318,
                -0.21283434941998647
            ]
        ],
        [
            [
                2031.70078497138
            ],
            [
                -5167.93301206581
            ],
            [
                1612.92305082439
            ]
        ],
        [
            [
                1149.67569986785
            ],
            [
                1147.59161666764
            ]
        ],
        [
            [
                508.848621645943
            ],
            [
                508.064917088557
            ]
        ],
        [
            [
                -0.194213629607385
            ],
            [
                0.240408539138292
            ],
            [
                0.00681997559022603
            ]
        ],
        [
            [
                -0.0027408943961907
            ],
            [
                -0.001619026613787
            ]
        ],
        "55011271"
    ],
    "(5, 3)": [
        [
            [
                -0.9258288614330635,
                -0.3728674116124112,
                -0.06173178026768599
            ],
            [
                -0.023578112500148365,
                0.220000562347259,
                -0.9752147584905696
            ],
            [
                0.3772068291381898,
                -0.9014264506460582,
                -0.21247437993123308
            ]
        ],
        [
            [
                -1620.59486278793
            ],
            [
                5171.65873305247
            ],
            [
                1496.43704696787
            ]
        ],
        [
            [
                1149.14071676148
            ],
            [
                1148.7989685676
            ]
        ],
        [
            [
                519.815837182153
            ],
            [
                501.402658888552
            ]
        ],
        [
            [
                -0.208338188251856
            ],
            [
                0.255488007488945
            ],
            [
                -0.00246049749891915
            ]
        ],
        [
            [
                -0.000759999321030303
            ],
            [
                0.00148438698385668
            ]
        ],
        "58860488"
    ],
    "(5, 4)": [
        [
            [
                0.9222815489764817,
                -0.3772688722588351,
                0.0840532119677073
            ],
            [
                -0.021177649402562934,
                -0.26645871124348197,
                -0.9636136478735888
            ],
            [
                0.3859381447632816,
                0.88694303832152,
                -0.25373962085111357
            ]
        ],
        [
            [
                -1637.17374540766
            ],
            [
                -3867.31734917197
            ],
            [
                1547.03325638793
            ]
        ],
        [
            [
                1145.51133842318
            ],
            [
                1144.77392807652
            ]
        ],
        [
            [
                514.968197319863
            ],
            [
                501.882018537695
            ]
        ],
        [
            [
                -0.198384093827848
            ],
            [
                0.218323676298049
            ],
            [
                -0.00894780704152122
            ]
        ],
        [
            [
                -0.00181336200488089
            ],
            [
                -0.000587205583421232
            ]
        ],
        "60457274"
    ],
    "(6, 1)": [
        [
            [
                -0.9149503344107554,
                0.4034864343564006,
                0.008036345687245266
            ],
            [
                0.07174776353922047,
                0.1822275975157708,
                -0.9806351824867137
            ],
            [
                -0.3971374371533952,
                -0.896655898321083,
                -0.19567845056940925
            ]
        ],
        [
            [
                1935.45174694685
            ],
            [
                4950.24580396107
            ],
            [
                1618.08381523153
            ]
        ],
        [
            [
                1145.04940458804
            ],
            [
                1143.78109572365
            ]
        ],
        [
            [
                512.541504956548
            ],
            [
                515.4514869776
            ]
        ],
        [
            [
                -0.207098910824901
            ],
            [
                0.247775183068982
            ],
            [
                -0.00307515035078854
            ]
        ],
        [
            [
                -0.00142447157470321
            ],
            [
                -0.000975698859470499
            ]
        ],
        "54138969"
    ],
    "(6, 2)": [
        [
            [
                0.9197364689900043,
                0.39209901596964664,
                0.018525368698999664
            ],
            [
                0.101478073351267,
                -0.19191459963948002,
                -0.9761511087296542
            ],
            [
                -0.37919260045353465,
                0.8996816926673861,
                -0.21630030892357308
            ]
        ],
        [
            [
                1969.80390766216
            ],
            [
                -5128.73876071113
            ],
            [
                1632.77883867694
            ]
        ],
        [
            [
                1149.67569986785
            ],
            [
                1147.59161666764
            ]
        ],
        [
            [
                508.848621645943
            ],
            [
                508.064917088557
            ]
        ],
        [
            [
                -0.194213629607385
            ],
            [
                0.240408539138292
            ],
            [
                0.00681997559022603
            ]
        ],
        [
            [
                -0.0027408943961907
            ],
            [
                -0.001619026613787
            ]
        ],
        "55011271"
    ],
    "(6, 3)": [
        [
            [
                -0.916577698818659,
                -0.39393483656788014,
                -0.06856140726771254
            ],
            [
                -0.01984531630322392,
                0.21607069980297702,
                -0.9761760169700323
            ],
            [
                0.3993638509543854,
                -0.8933805444629346,
                -0.20586334624209834
            ]
        ],
        [
            [
                -1769.59647655694
            ],
            [
                5185.36115454991
            ],
            [
                1476.99340929046
            ]
        ],
        [
            [
                1149.14071676148
            ],
            [
                1148.7989685676
            ]
        ],
        [
            [
                519.815837182153
            ],
            [
                501.402658888552
            ]
        ],
        [
            [
                -0.208338188251856
            ],
            [
                0.255488007488945
            ],
            [
                -0.00246049749891915
            ]
        ],
        [
            [
                -0.000759999321030303
            ],
            [
                0.00148438698385668
            ]
        ],
        "58860488"
    ],
    "(6, 4)": [
        [
            [
                0.9182950552949388,
                -0.3850769011116475,
                0.09192372735651859
            ],
            [
                -0.015534985886560007,
                -0.26706146429979655,
                -0.9635542737695438
            ],
            [
                0.3955917790277871,
                0.8833990913037544,
                -0.25122338635033875
            ]
        ],
        [
            [
                -1721.66874978818
            ],
            [
                -3884.13134701978
            ],
            [
                1540.48790236846
            ]
        ],
        [
            [
                1145.51133842318
            ],
            [
                1144.77392807652
            ]
        ],
        [
            [
                514.968197319863
            ],
            [
                501.882018537695
            ]
        ],
        [
            [
                -0.198384093827848
            ],
            [
                0.218323676298049
            ],
            [
                -0.00894780704152122
            ]
        ],
        [
            [
                -0.00181336200488089
            ],
            [
                -0.000587205583421232
            ]
        ],
        "60457274"
    ],
    "(7, 1)": [
        [
            [
                -0.9055764231419416,
                0.42392653746206904,
                0.014752378956221508
            ],
            [
                0.06862812683752326,
                0.18074371881263407,
                -0.9811329615890764
            ],
            [
                -0.41859469903024304,
                -0.8874784498483331,
                -0.19277053457045695
            ]
        ],
        [
            [
                1974.51295625891
            ],
            [
                4926.35446379868
            ],
            [
                1597.83264487845
            ]
        ],
        [
            [
                1145.04940458804
            ],
            [
                1143.78109572365
            ]
        ],
        [
            [
                512.541504956548
            ],
            [
                515.4514869776
            ]
        ],
        [
            [
                -0.207098910824901
            ],
            [
                0.247775183068982
            ],
            [
                -0.00307515035078854
            ]
        ],
        [
            [
                -0.00142447157470321
            ],
            [
                -0.000975698859470499
            ]
        ],
        "54138969"
    ],
    "(7, 2)": [
        [
            [
                0.9212640765077017,
                0.3886011826562522,
                0.01617473877914905
            ],
            [
                0.09922277503271489,
                -0.1946115441987536,
                -0.9758489574618522
            ],
            [
                -0.3760682680727248,
                0.9006194910741931,
                -0.21784671226815075
            ]
        ],
        [
            [
                1937.0584290357
            ],
            [
                -5119.78981556288
            ],
            [
                1631.56648087072
            ]
        ],
        [
            [
                1149.67569986785
            ],
            [
                1147.59161666764
            ]
        ],
        [
            [
                508.848621645943
            ],
            [
                508.064917088557
            ]
        ],
        [
            [
                -0.194213629607385
            ],
            [
                0.240408539138292
            ],
            [
                0.00681997559022603
            ]
        ],
        [
            [
                -0.0027408943961907
            ],
            [
                -0.001619026613787
            ]
        ],
        "55011271"
    ],
    "(7, 3)": [
        [
            [
                -0.9245069728829368,
                -0.37555597339631824,
                -0.06515034871105972
            ],
            [
                -0.018955014220249332,
                0.21601110989507338,
                -0.9762068980691586
            ],
            [
                0.38069353097569036,
                -0.9012751584550871,
                -0.20682244613440448
            ]
        ],
        [
            [
                -1741.81111844229
            ],
            [
                5208.24936307788
            ],
            [
                1464.82464578145
            ]
        ],
        [
            [
                1149.14071676148
            ],
            [
                1148.7989685676
            ]
        ],
        [
            [
                519.815837182153
            ],
            [
                501.402658888552
            ]
        ],
        [
            [
                -0.208338188251856
            ],
            [
                0.255488007488945
            ],
            [
                -0.00246049749891915
            ]
        ],
        [
            [
                -0.000759999321030303
            ],
            [
                0.00148438698385668
            ]
        ],
        "58860488"
    ],
    "(7, 4)": [
        [
            [
                0.9228353966173104,
                -0.37440015452287667,
                0.09055029013436408
            ],
            [
                -0.01498208436370467,
                -0.269786590656035,
                -0.9628035794752281
            ],
            [
                0.38490306298896904,
                0.8871525910436372,
                -0.25457791009093983
            ]
        ],
        [
            [
                -1734.71057764601
            ],
            [
                -3832.42135394085
            ],
            [
                1548.58303462156
            ]
        ],
        [
            [
                1145.51133842318
            ],
            [
                1144.77392807652
            ]
        ],
        [
            [
                514.968197319863
            ],
            [
                501.882018537695
            ]
        ],
        [
            [
                -0.198384093827848
            ],
            [
                0.218323676298049
            ],
            [
                -0.00894780704152122
            ]
        ],
        [
            [
                -0.00181336200488089
            ],
            [
                -0.000587205583421232
            ]
        ],
        "60457274"
    ],
    "(8, 1)": [
        [
            [
                -0.9115694669712032,
                0.4106494283805017,
                0.020202818036194434
            ],
            [
                0.060907749548984036,
                0.1834736632003901,
                -0.9811359034082424
            ],
            [
                -0.40660958293025334,
                -0.8931430243150293,
                -0.19226072190306673
            ]
        ],
        [
            [
                2150.65184102118
            ],
            [
                4896.16095051376
            ],
            [
                1611.90470612013
            ]
        ],
        [
            [
                1145.04940458804
            ],
            [
                1143.78109572365
            ]
        ],
        [
            [
                512.541504956548
            ],
            [
                515.4514869776
            ]
        ],
        [
            [
                -0.207098910824901
            ],
            [
                0.247775183068982
            ],
            [
                -0.00307515035078854
            ]
        ],
        [
            [
                -0.00142447157470321
            ],
            [
                -0.000975698859470499
            ]
        ],
        "54138969"
    ],
    "(8, 2)": [
        [
            [
                0.931016282525616,
                0.3647626932499711,
                0.01252434769597448
            ],
            [
                0.08939715221301257,
                -0.19463753190599434,
                -0.9767929055586687
            ],
            [
                -0.35385990285476776,
                0.9105297407479727,
                -0.2138194574051759
            ]
        ],
        [
            [
                2219.9656703358
            ],
            [
                -5148.45307557174
            ],
            [
                1613.04401647351
            ]
        ],
        [
            [
                1149.67569986785
            ],
            [
                1147.59161666764
            ]
        ],
        [
            [
                508.848621645943
            ],
            [
                508.064917088557
            ]
        ],
        [
            [
                -0.194213629607385
            ],
            [
                0.240408539138292
            ],
            [
                0.00681997559022603
            ]
        ],
        [
            [
                -0.0027408943961907
            ],
            [
                -0.001619026613787
            ]
        ],
        "55011271"
    ],
    "(8, 3)": [
        [
            [
                -0.9209075762929309,
                -0.3847355178017309,
                -0.0625125368875214
            ],
            [
                -0.02568138180824641,
                0.21992027027623712,
                -0.9751797482259595
            ],
            [
                0.38893405939143305,
                -0.8964450100611084,
                -0.21240678280563546
            ]
        ],
        [
            [
                -1571.22149997798
            ],
            [
                5137.01858150498
            ],
            [
                1498.17612798791
            ]
        ],
        [
            [
                1149.14071676148
            ],
            [
                1148.7989685676
            ]
        ],
        [
            [
                519.815837182153
            ],
            [
                501.402658888552
            ]
        ],
        [
            [
                -0.208338188251856
            ],
            [
                0.255488007488945
            ],
            [
                -0.00246049749891915
            ]
        ],
        [
            [
                -0.000759999321030303
            ],
            [
                0.00148438698385668
            ]
        ],
        "58860488"
    ],
    "(8, 4)": [
        [
            [
                0.927667052235436,
                -0.36360627595744044,
                0.08499597802942535
            ],
            [
                -0.01666268768012716,
                -0.26770413351564454,
                -0.9633570738505596
            ],
            [
                0.3730364526907409,
                0.8922583555131325,
                -0.2543989622245125
            ]
        ],
        [
            [
                -1476.91338239988
            ],
            [
                -3896.7411238582
            ],
            [
                1547.97220703876
            ]
        ],
        [
            [
                1145.51133842318
            ],
            [
                1144.77392807652
            ]
        ],
        [
            [
                514.968197319863
            ],
            [
                501.882018537695
            ]
        ],
        [
            [
                -0.198384093827848
            ],
            [
                0.218323676298049
            ],
            [
                -0.00894780704152122
            ]
        ],
        [
            [
                -0.00181336200488089
            ],
            [
                -0.000587205583421232
            ]
        ],
        "60457274"
    ],
    "(9, 1)": [
        [
            [
                -0.9033486204435297,
                0.4269119782787646,
                0.04132109321984796
            ],
            [
                0.04153061098352977,
                0.182951140059007,
                -0.9822444139329296
            ],
            [
                -0.4268916470184284,
                -0.8855930460167476,
                -0.18299857527497945
            ]
        ],
        [
            [
                2044.45852504166
            ],
            [
                4935.11727984793
            ],
            [
                1481.22752752863
            ]
        ],
        [
            [
                1145.04940458804
            ],
            [
                1143.78109572365
            ]
        ],
        [
            [
                512.541504956548
            ],
            [
                515.4514869776
            ]
        ],
        [
            [
                -0.207098910824901
            ],
            [
                0.247775183068982
            ],
            [
                -0.00307515035078854
            ]
        ],
        [
            [
                -0.00142447157470321
            ],
            [
                -0.000975698859470499
            ]
        ],
        "54138969"
    ],
    "(9, 2)": [
        [
            [
                0.9315720471487059,
                0.36348288012373176,
                -0.007329176497134756
            ],
            [
                0.06810069482701912,
                -0.19426747906725159,
                -0.9785818524481906
            ],
            [
                -0.35712157080642226,
                0.911120377575769,
                -0.20572758986325015
            ]
        ],
        [
            [
                1990.9596621548
            ],
            [
                -5123.81055155997
            ],
            [
                1568.80481574437
            ]
        ],
        [
            [
                1149.67569986785
            ],
            [
                1147.59161666764
            ]
        ],
        [
            [
                508.848621645943
            ],
            [
                508.064917088557
            ]
        ],
        [
            [
                -0.194213629607385
            ],
            [
                0.240408539138292
            ],
            [
                0.00681997559022603
            ]
        ],
        [
            [
                -0.0027408943961907
            ],
            [
                -0.001619026613787
            ]
        ],
        "55011271"
    ],
    "(9, 3)": [
        [
            [
                -0.9269344193869241,
                -0.3732303525241731,
                -0.03862235247246717
            ],
            [
                -0.04725991098820678,
                0.218240494552814,
                -0.9747500127472326
            ],
            [
                0.37223525218497616,
                -0.901704048173249,
                -0.21993345934341726
            ]
        ],
        [
            [
                -1670.99215489414
            ],
            [
                5211.98574196124
            ],
            [
                1528.38799771705
            ]
        ],
        [
            [
                1149.14071676148
            ],
            [
                1148.7989685676
            ]
        ],
        [
            [
                519.815837182153
            ],
            [
                501.402658888552
            ]
        ],
        [
            [
                -0.208338188251856
            ],
            [
                0.255488007488945
            ],
            [
                -0.00246049749891915
            ]
        ],
        [
            [
                -0.000759999321030303
            ],
            [
                0.00148438698385668
            ]
        ],
        "58860488"
    ],
    "(9, 4)": [
        [
            [
                0.9154607080837831,
                -0.39734606500700814,
                0.06362229623477154
            ],
            [
                -0.049406284684695274,
                -0.2678916756611978,
                -0.9621814117644814
            ],
            [
                0.3993628813352506,
                0.877695935238897,
                -0.26487569589663096
            ]
        ],
        [
            [
                -1696.04347097168
            ],
            [
                -3827.09988628541
            ],
            [
                1591.41272727883
            ]
        ],
        [
            [
                1145.51133842318
            ],
            [
                1144.77392807652
            ]
        ],
        [
            [
                514.968197319863
            ],
            [
                501.882018537695
            ]
        ],
        [
            [
                -0.198384093827848
            ],
            [
                0.218323676298049
            ],
            [
                -0.00894780704152122
            ]
        ],
        [
            [
                -0.00181336200488089
            ],
            [
                -0.000587205583421232
            ]
        ],
        "60457274"
    ],
    "(11, 1)": [
        [
            [
                -0.9059013006181885,
                0.4217144115102914,
                0.038727105014486805
            ],
            [
                0.044493184429779696,
                0.1857199061874203,
                -0.9815948619389944
            ],
            [
                -0.4211450938543295,
                -0.8875049698848251,
                -0.1870073216538954
            ]
        ],
        [
            [
                2098.44023766473
            ],
            [
                4926.55465688236
            ],
            [
                1500.2785741283
            ]
        ],
        [
            [
                1145.04940458804
            ],
            [
                1143.78109572365
            ]
        ],
        [
            [
                512.541504956548
            ],
            [
                515.4514869776
            ]
        ],
        [
            [
                -0.207098910824901
            ],
            [
                0.247775183068982
            ],
            [
                -0.00307515035078854
            ]
        ],
        [
            [
                -0.00142447157470321
            ],
            [
                -0.000975698859470499
            ]
        ],
        "54138969"
    ],
    "(11, 2)": [
        [
            [
                0.9216646531492915,
                0.3879848687925067,
                -0.0014172943441045224
            ],
            [
                0.07721054863099915,
                -0.18699239961454955,
                -0.979322405373477
            ],
            [
                -0.3802272982247548,
                0.9024974149959955,
                -0.20230080971229314
            ]
        ],
        [
            [
                2083.18240070009
            ],
            [
                -4912.17282366308
            ],
            [
                1561.0785790774
            ]
        ],
        [
            [
                1149.67569986785
            ],
            [
                1147.59161666764
            ]
        ],
        [
            [
                508.848621645943
            ],
            [
                508.064917088557
            ]
        ],
        [
            [
                -0.194213629607385
            ],
            [
                0.240408539138292
            ],
            [
                0.00681997559022603
            ]
        ],
        [
            [
                -0.0027408943961907
            ],
            [
                -0.001619026613787
            ]
        ],
        "55011271"
    ],
    "(11, 3)": [
        [
            [
                -0.9063540572469627,
                -0.42053101768163204,
                -0.04093880896680188
            ],
            [
                -0.0603212197838846,
                0.22468715090881142,
                -0.9725620980997899
            ],
            [
                0.4181909532208387,
                -0.8790161246439863,
                -0.2290130547809762
            ]
        ],
        [
            [
                -1609.81534310074
            ],
            [
                5177.33597262935
            ],
            [
                1537.89671533582
            ]
        ],
        [
            [
                1149.14071676148
            ],
            [
                1148.7989685676
            ]
        ],
        [
            [
                519.815837182153
            ],
            [
                501.402658888552
            ]
        ],
        [
            [
                -0.208338188251856
            ],
            [
                0.255488007488945
            ],
            [
                -0.00246049749891915
            ]
        ],
        [
            [
                -0.000759999321030303
            ],
            [
                0.00148438698385668
            ]
        ],
        "58860488"
    ],
    "(11, 4)": [
        [
            [
                0.91754082476548,
                -0.39226322025776267,
                0.06517975852741943
            ],
            [
                -0.04531905395586976,
                -0.26600517028098103,
                -0.9629057236990188
            ],
            [
                0.395050652748768,
                0.8805514269006645,
                -0.2618476013752581
            ]
        ],
        [
            [
                -1590.73799072229
            ],
            [
                -3854.16900368964
            ],
            [
                1578.01760714384
            ]
        ],
        [
            [
                1145.51133842318
            ],
            [
                1144.77392807652
            ]
        ],
        [
            [
                514.968197319863
            ],
            [
                501.882018537695
            ]
        ],
        [
            [
                -0.198384093827848
            ],
            [
                0.218323676298049
            ],
            [
                -0.00894780704152122
            ]
        ],
        [
            [
                -0.00181336200488089
            ],
            [
                -0.000587205583421232
            ]
        ],
        "60457274"
    ]
}